(2 hosts, SEND_TIMEOUT 0.1, UPDATE_STATS 5, MAX_BLIND_PROCESSING 500)
RTT (ms):
0.245
0.236
0.302
0.250
0.304
0.265
0.397
0.320
0.255
0.251
0.269
0.260
0.302
0.265
0.262

utilization ratio
0.000197
0.000157

(3 hosts, SEND_TIMEOUT 0.1, UPDATE_STATS 5, MAX_BLIND_PROCESSING 500)
RTT (ms):
0.185
0.170
0.325
0.495
0.255
0.222
0.205
0.259
0.531
0.298
0.298
0.255
0.504
0.453
0.222

utilization ratio
0.000314
0.000391
0.000198

(4 hosts, SEND_TIMEOUT 0.1, UPDATE_STATS 5, MAX_BLIND_PROCESSING 500)
RTT (ms):
0.269
0.238
0.236
0.355
0.661
0.280
0.299
0.232
1.41
0.231
0.436
1.90
0.173
0.435
0.224
0.406

utilization ratio
0.000211
0.000347
0.000313
0.000266

////////////////////////////////////////////////////////////////////////////////////////////
(2 hosts, SEND_TIMEOUT 0.01, UPDATE_STATS 5, MAX_BLIND_PROCESSING 500)
RTT (ms):
0.158
0.177
0.252
0.276
0.172
0.240
0.227
0.231
0.303
0.220
0.241
0.261
0.322
0.252
0.507
0.278
0.216

utilization ratio
0.000140
0.000096

(3 hosts, SEND_TIMEOUT 0.01, UPDATE_STATS 5, MAX_BLIND_PROCESSING 500)
RTT (ms):
0.249
0.285
0.440
0.281
0.264
0.289
0.303
0.264
0.257
0.263
0.205
0.206
0.272
0.482
0.209
0.215

utilization ratio
0.000492
0.000486
0.000685

(4 hosts, SEND_TIMEOUT 0.01, UPDATE_STATS 5, MAX_BLIND_PROCESSING 500)
RTT (ms):
1.53
0.259
0.287
1.98
0.228
0.206
1.82
0.214
0.257
0.390
0.246
0.235
0.238
1.07

utilization ratio
0.000649
0.000561
0.000737
0.000649

////////////////////////////////////////////////////////////////////////////////////////////////////////
(4 hosts, SEND_TIMEOUT 0.01, UPDATE_STATS 5, MAX_BLIND_PROCESSING 500)
RTT(ms)
0.220
0.229
0.249
0.237
0.226
1.60
0.201
0.413
0.265
0.205
0.210
0.211
1.46
0.210
0.231
0.223
////////////////////////////////////////////////////////////////////////////////////////////////////////

BASELINE
2 hosts:

RTT(ms)
0.782
0.529
0.692
0.908
1.06
0.750
0.994
0.794
0.685
0.713
1.05
0.954
0.770
0.699
1.07

utilization ration:
(core)
0.000040
0.000041
0.000044
0.000042
0.000039
0.000036
0.000030
0.000026
(aggr)
0.000037
0.000038
0.000041
0.000040
0.000039
0.000037
0.000031
0.000026
0.000023
0.000020
0.000018
0.000016
0.000015

3 hosts
RTT(ms)
0.931
1.10
1.19
1.44
1.31
1.32
1.10
1.19
1.09
0.953
0.927
0.977
1.02
0.854
1.37

utilization ratio
(core)
0.000032
0.000033
0.000035
0.000034
0.000032
0.000032
0.000031
0.000030
0.000029
0.000025
0.000023
(aggr)
0.000006
0.000006
0.000005
0.000005
0.000005
0.000005

4 hosts
RTT(ms)
6.71
0.747
1.41
0.685
0.692
0.564
0.789
0.719
0.697
0.870
0.915
0.947
0.905
0.911
0.771

utilization
(core)
0.000036
0.000047
0.000047
0.000045
0.000042
0.000040
0.000038
0.000036
0.000035
0.000034
0.000033
0.000032
0.000031
0.000030
0.000030
0.000029
0.000029
0.000027
0.000025
0.000023
(aggr)
0.000010
0.000010
0.000009
0.000009
0.000009
0.000008
0.000008
