Sumário dos experimentos (RTT para requisições simultâneas de ping)

usando o learningswitch_centralized e simpleswitch

	Baseline
		usando ping -i 1
			2 hosts //as mensagens da fila acabam mais rápido, então chamadas de send e poll são mais frequentes
				0.192
				0.194
				1.47
				0.196
				0.196
				0.194
				1.56
				0.211
				1.67
				0.176
				1.58
				0.177
				0.250
				0.185
				2.67
			4 hosts
				0.182
				0.178
				0.176
				0.175
				0.175
				0.175
				0.180
				0.174
				0.225
				0.177
				0.179
				0.176
				0.177
				0.184
				0.175
			6 hosts
				0.334
				0.236
				0.205
				0.226
				0.256
				0.224
				0.259
				0.223
				0.240
				0.225
				0.220
				0.212
				0.227
				0.216
				0.223
		usando ping -i 0.1
			2 hosts
				0.175
				0.177
				0.185
				0.173
				0.172
				0.188
				0.181
				0.233
				0.174
				0.186
				0.186
				0.168
				0.267
				0.190
				0.169
				0.172
			4 hosts
				0.163
				0.205
				0.130
				0.146
				0.130
				0.178
				0.153
				0.129
				0.155
				0.147
				0.149
				0.223
				0.144
				0.140
				0.239
			6 hosts
				0.201
				0.197
				0.197
				0.203
				0.308
				0.210
				0.194
				0.202
				0.212
				0.223
				0.195
				0.245
				0.226
				0.211
				0.207
	Paralelizado
		usando ping -i 1
			2 hosts
				8.29
				8.33
				8.44
				8.20
				8.63
				8.80
				8.35
				7.81
				7.95
				8.58
				8.24
				8.55
				8.69
				8.20
				8.48
				7.74
			4 hosts
				7.80
				8.15
				8.32
				10.2
				8.70
				9.44
				10.3
				7.48
				12.1
				7.35
				13.8
				7.31
				7.51
				11.5
				7.33
			6 hosts
				12.2
				7.62 
				7.73 
				14.2 
				7.33 
				15.7 
				17.6
				10.8
				14.7
				14.5
				29.3
				11.8
				47.6
				11.9
				48.9
		usando ping -i 0.1
			2 hosts
				89.3
				32.8
				37.1
				31.0
				31.8
				34.7
				37.7
				80.7
				35.2
				37.8
				85.6
				28.3
				30.5
				36.9
				47.3
			4 hosts
				9.91
				6.86
				19.6
				9.47
				4.80
				16.0
				6.40
				12.7
				11.9
				11.8
				15.5
				24.9
				22.0
				18.3
				6.37
			6 hosts
				19.6
				33.6
				29.1
				14.7
				65.3
				58.3
				17.8
				15.0
				28.4
				34.1
				27.5
				39.1
				33.2
				21.8
				9.69
